$ANSIBLE_VAULT;1.1;AES256
66366461373335303535356561356361323733313164303861613831316534333037623337623261
3066353839343031376534316538393232336138316436330a366235343664623561636563653561
35333466653632353261326664353063656132356430383765306635386235323766343164666330
3466626539343634370a353830366164363739366262626433343637316438306331623662386666
34633464643033353862343462316238343232666130376430326633333937663161303035363636
36386539393430633466306334613732333537656663623435306130393763663865346561373135
61616134303932663331323061333635376666393666643336646462313235313132346239303639
35653331306332656166366633386433316436363861316563303262636362623130363763636135
33346137393333653539353331313134346463353230346533343030383066306139343332316239
61346634323436663163323338316139323833663434646434313536313863643033353931303662
31653831616235616637653561656438613134633339626465313630623038323135383365326465
32313833323634393432656132353065306466633861316632623538323333343238636234313764
66396135643066356336616130313865383834666137316265303433343736336432326638396630
33383332363738353431393235653766336636363162353166303531343535646564343831666334
66363863653263396137336131363831646134323333363630626262363739346537333461323637
31316366633261343166666562653036663934336133343235356134303436313031626663363363
30633664386531326339653865626630303038633363396432616639363434393833386435356337
66336166393866313663346563343833653739336230666135353338393937633439353330353638
64626465633835636463303536626162633562613538633336303031666662656239333962376331
32313433323138366339343961623830636330386563383562396565386665616631386464353530
33633938306139653130636634633935363933626463346462393130643861616535316538616437
62336264316234633766386233303437373461383433633230393566336230393436623830646133
61656637303136626566356134306538383635613162313566343361306265626264326432376133
62386134666636303366303664353732363330633362653332663163653336386535613866313562
31376662636237333064396631386364666664636561326234633437656563643264333266613331
64376231666133633865633665363531626534623538303264636630366164613666616635306237
38386633333732623061663839333866363332643562383639353962333631626135336332653938
36633961323266346632323335353737633738613761613562343536663135363263643163353836
30356635333139383430633232323166313061303838653637323636356233636430353435363133
38633638323865373162323138333762323236626166613466613632313061643936383138376135
62663863356533333536376461313765376338613234386131646633613366346365353836383536
61663366303933306665626262656663633164396664633132396266373063646233623566666661
63613335613939623938356331653231316234326431666231323966343337613264386134393030
35383730386437323062396366616536636563636336316463363937343066343431353735383737
35663061333039363661383330663134326234653930326562346465613431663438616639376231
32633337373736356430313832643463646339346164393639623732316433356332313064663938
31333538316337396139306333303235366266353838646635643361346232633564383437353139
30626266343735666564306334376438353937383230653730666333623632616630316365353565
32303364633733346330376632646333653261333736663766643730306633366638663738653538
64666366646265383832616366383537646630373636623639623165363964383765346166653663
33346233303835643861613831303137613030363438386332636562376632306264666231643162
39663161316536653436633538333635656639313961383737336438363833343430383064636336
37386665643331343630613936326530303331343863633465316365383033646638336235663633
61363065656632623763623965396632613936313939343463363235363366383235343236323939
39366362633338663032373864616162653563643531313538626438303336376539653136623463
33333436306134356338656165353762356134663535326565633936663330623465313537653466
65613162613963326565313165643536383663303530626530303130313165363733336439636138
36353133333635636266373961633934626165313130326436393263623966393638316136653665
36613431363266383630383437323861303937643430313633316233333239336533353837356630
62643935646661633462353031346461333234306464663364386130393434353061306664613831
30623562646239366530613363666463613533386131636238346364393963323836666363326161
65376339633263623436633832336133626463303061326634346537613365653035343830353261
37626135623365363635343337303363303537646633616432323932306165626663373762336534
63343663326531366632636130303037643566306465343339633332643663383232376438613464
66646139313835613336333135323165353764366465323230663837353164366634306135643061
63306536363865643234636531353730626363313337663535656133663936623034666262343035
37393266343035613266353965373731366461656163393463353737326135623630666237386166
38383565653163303238623733346661613362343063636266326362326561326134656531623931
62356530666534323533663137613130653932313632393766626532303364656135373464633761
62393035363265346137623233656338346530396639333066646239656165633735306330333939
31386265396231666261323335636133636134663530626362343731633036313436373437393930
33376534313266336537356261343935376532356434616339356639356533616635343465386532
34383136393332376166346165396262373262636639326663656361653733353630356461623866
36353862613434333862613164333766633165343461326435316532353062383936383139373931
65376164376636623964613661663938656232383766373930303534613930333431396533666431
34643034343430346231343635383664306334343137336262353964333234383465653732643262
35326339326665326566396431393239636434336564663638613735303132613232626234663039
34313935343135313761303630353938323466653533343364303564323136616233366233646634
61336535313166663838643536353866366430366235356361383265313535393464356633303966
65323965623431343732323061663232313332353132633332626264383437616366303836323638
64373736363663613737336436346539383736366264666339643165313062333237646435303839
62633138393634613966636331373461653261363361636237373737343362346363623136306662
35666632616432656164323038373862346439366536353161363631316134363635373333346634
35393331353966396665343539613631353266323936323237386536633738386163316663383130
30623832633763623266616330336162343261656637623062336165646536326664383739323961
37373837646236346332663437323639646232613139356363346532343361323838643564626466
37323663383339323264373535303435633665383033666361643736303730343338346533616231
61326165303832346533386236353635643633616633363538306130633964306530383561633233
62376130306536663061333330623038663934373464303235363265376236326466643331623935
35313861316635386332653037346133643133376466363830326264343563326331323332393637
66386366613361613230393138383735376231373639623431393838613434373363333761396531
66643964363763326636346433353062663933346438353465666532636161643639646534636138
65663737643739643236313265353837366564366461323964653066633439633738356562653265
62663934353865333666313236666661356661396564653138333437303963343332373736613333
38626433343565326561323631656162353734313665356535303130333962346364363034353731
38353265626365383536343963333964323364646164643464323364396533623233313638363432
32323536363764323265613130303262323038373165373263613532643766633865646463383738
61306366373431633861316439316137326638326261303536353532633532356333383935656131
35356437313633386337656236663461396439623861653237656266626561333465386266356636
64366361623463393164666633363132633033633666633162613134646462633139396131653136
65323132663436346534333639663736386230633436326235643637356135653762663935313132
36306439643934366134383934626630363632653932323733636331363935616366376332343934
34643238633039373932646337626561613362313364343963363466306432373430383535626434
33313335363932613530666461623161393461346365303661646264373235613533356163663134
34313366363065393365353033616337353531636332346161373361393833626535373437376439
66623432653662353834
